1 4 11506 9534 6569 485 
2 4 9534 6569 11563 9434 
1 4 6336 9335 13254 11318 
1 2 13254 9309 
1 5 13254 9309 6286 6241 391 
1 3 391 3314 6336 
1 3 3314 68 3211 
1 2 391 3211 
1 3 391 9498 9431 
1 3 9498 3262 6598 
1 5 11562 6500 11456 13253 6241 
1 2 11456 6241 
1 3 6496 6500 11562 
1 2 6496 9498 
1 5 11773 11874 11824 9772 6891 
1 2 11874 11755 
1 3 3838 11804 9851 
1 4 6583 11407 6537 11562 
1 2 9522 11562 
1 4 11562 9574 13068 6598 
1 3 13068 11519 6537 
1 2 6598 9431 
1 4 6598 6560 6446 575 
1 2 6598 516 
1 3 11519 3516 516 
1 8 11506 9523 3549 9578 6599 11535 3579 6449 
1 7 9523 6547 3534 553 11521 539 9550 
1 4 11506 9534 6585 11420 
1 3 11420 9500 11548 
1 3 9472 13081 3516 
1 2 9472 13011 
1 11 743 9710 6777 6621 9737 11565 9597 6657 11600 11616 11465 
1 2 575 11483 
1 3 11483 11606 13081 
1 3 11483 3576 11606 
1 2 3576 6560 
1 2 3576 516 
1 4 11420 454 13240 11606 
1 3 11506 9561 454 
1 3 13011 11549 9561 
1 4 13011 11549 11518 11506 
1 3 6583 9559 11516 
1 5 9503 549 3629 11502 11516 
1 5 9503 6529 678 521 11516 
1 4 11516 5291 3546 9472 
1 3 9472 3447 11606 
1 5 3552 6572 9525 11508 9495 
1 3 3552 542 6536 
1 4 3509 3495 527 9495 
1 2 3509 3534 
1 3 9523 9507 512 
1 6 512 6533 9492 9478 503 11465 
1 3 11465 9510 6536 
1 2 9478 3509 
1 2 9492 3671 
1 2 512 3493 
1 4 678 698 6698 9642 
1 9 9642 9658 6531 3533 11732 551 6949 11491 11506 
1 4 13011 6545 9505 9658 
1 6 11506 11491 3506 9490 3669 3652 
1 2 9642 3652 
1 3 3652 817 3646 
1 4 3652 648 11794 6613 
1 3 3652 648 9625 
1 2 9625 3594 
1 4 512 3493 11631 9629 
1 3 3671 669 9629 
1 5 9629 3655 11611 9609 9625 
1 4 620 3626 6651 9629 
1 5 3671 11596 629 11582 9597 
1 4 620 3598 6792 11565 
1 7 620 6618 3771 11718 755 3948 6766 
1 3 6766 943 6931 
1 6 9853 3946 6960 9723 943 6766 
1 3 6960 9898 11711 
1 4 6766 3749 12169 9882 
1 4 3749 929 3740 9710 
1 7 620 6618 6789 769 3770 11593 6613 
1 5 6613 6786 11716 9728 11711 
1 5 6613 3589 780 762 11713 
1 3 11713 958 11834 
1 3 958 11877 11711 
1 4 11834 911 3928 9909 
1 4 9745 6609 6784 3589 
1 4 6613 9590 6639 6666 
1 2 3646 6666 
1 4 3749 929 9717 9737 
1 6 11506 11491 3506 9644 667 9625 
1 2 678 9638 
1 3 9503 6712 3692 
1 2 549 563 
1 4 13253 9363 9403 9309 
1 2 6583 11435 
1 2 11502 11531 
1 2 9882 915 
1 2 9853 9824 
1 2 743 3737 
1 2 9909 11891 
1 2 9745 6780 
1 2 11318 11360 
1 2 9363 11346 
1 2 9363 3512 
1 3 9638 9620 6683 
1 3 9620 9622 6666 
1 4 6666 11590 3612 9587 
1 3 9587 9618 9620 
1 2 9638 663 
1 3 9620 11604 663 
1 3 9587 636 3641 
1 5 3662 3660 661 11623 663 
1 3 3641 658 3660 
1 3 3641 11601 663 
1 2 3641 9600 
1 3 3780 607 9600 
1 3 3780 9584 9600 
1 5 3662 6661 11568 969 3780 
1 6 3780 773 3776 13246 9582 11584 
1 5 9587 11570 776 13247 3780 
1 4 3780 11726 771 6788 
2 3 6788 3772 11891 
1 5 692 6693 11638 6680 11623 
1 13 6680 6678 9636 673 11634 3675 688 6708 9665 11651 704 13252 11666 
1 5 692 3705 13291 561 11544 
1 4 9517 6555 11529 11544 
1 5 9517 519 6934 3679 663 
1 3 11623 3679 6934 
1 2 698 6683 
1 4 3522 9375 526 6377 
1 7 3522 11359 9238 9264 6298 6325 9347 
1 3 11584 628 6626 
2 10 6788 13298 6973 6946 11833 6875 6862 11751 13248 9904 
1 5 3780 13247 776 3782 6780 
1 3 6606 11734 3776 
1 3 6606 11734 13246 
1 2 782 6606 
1 4 9904 9794 6926 925 
1 6 6926 11861 967 9924 13305 782 
1 2 925 967 
1 14 6979 11998 11837 9784 13244 6843 883 6939 3966 6831 13302 9838 13303 925 
1 4 9907 1616 6985 6606 
1 5 9907 9879 3885 13301 9794 
1 2 9907 6946 
1 3 628 9613 6673 
1 5 603 6631 6675 9633 6678 
1 2 603 11568 
1 3 13246 3776 603 
1 2 603 13246 
1 3 11584 6656 11598 
1 3 6626 13297 599 
1 2 6626 11735 
1 2 3782 13300 
1 3 3782 11730 770 
1 6 9904 13249 11846 923 9826 819 
1 5 819 955 3958 6972 13244 
1 4 6831 963 11882 11846 
1 2 11882 9794 
1 7 955 851 3968 10027 3901 12066 9990 
1 4 12098 10027 9856 9784 
1 2 12098 12066 
1 9 13245 4014 1009 7147 7059 10074 3857 1156 4159 
1 2 4159 13245 
1 2 4159 9990 
1 2 1149 4194 
1 2 1149 4051 
1 3 1149 1189 12039 
1 3 11954 1062 4063 
1 3 11954 1062 7063 
1 2 12991 2020 
1 3 8124 7980 5010 
1 2 12766 12723 
1 4 7011 12004 4143 7188 
1 7 7011 4055 1068 10031 7144 11974 12044 
1 6 12044 7073 1028 1206 12771 4138 
1 2 8105 4138 
1 2 11999 1206 
1 2 11999 1028 
1 2 12071 7073 
1 4 8105 4963 7989 2046 
1 3 2046 12881 12806 
1 3 12049 4073 12004 
1 3 4076 4145 1071 
1 4 4076 7164 3996 7011 
1 4 11964 10005 10073 3996 
1 2 7011 10005 
1 2 7011 12049 
1 8 12049 1155 11979 4161 4088 4206 1201 1065 
1 3 1065 11919 792 
1 2 4206 1086 
1 4 4161 11970 7176 4017 
1 2 4115 4017 
1 8 1065 7170 7001 4574 4562 4603 11976 4115 
1 3 7001 4486 4111 
1 3 4574 1544 4440 
1 2 7001 1544 
1 2 4574 7151 
1 2 12759 10833 
1 2 4111 792 
1 5 4111 4550 12442 1072 3942 
1 4 12473 7140 1056 4550 
1 6 792 1108 10087 1088 7140 12473 
1 6 2097 10793 8123 13286 3916 10106 
1 8 13272 1549 12387 4512 11759 9823 9893 12473 
1 2 13272 10106 
1 2 3942 2013 
1 2 3942 1606 
1 5 2089 8001 10876 12046 2097 
1 2 8085 2089 
1 2 11984 7193 
1 4 12058 1164 9940 4170 
1 4 11746 806 3889 9893 
1 8 11746 6956 961 3870 3807 11844 804 11747 
1 5 11746 11810 9830 9763 6807 
1 3 6807 869 9861 
1 7 6807 9755 11792 9811 6877 909 3951 
1 5 9833 11829 11811 6871 3951 
1 6 11747 6908 3905 904 11811 11829 
1 3 9833 922 11842 
1 11 9764 6812 6836 790 3816 813 9933 9785 6993 9767 3938 
1 4 3945 3891 3799 6906 
1 4 3945 6879 3858 3938 
1 7 6906 9896 6817 3873 6966 6812 9764 
1 4 4098 9889 6856 6906 
1 2 6906 6959 
1 2 4098 10024 
1 4 832 9903 1093 4098 
1 3 832 888 3891 
1 5 832 942 9757 6914 3938 
1 3 12038 11956 4095 
1 5 4095 7196 7111 10109 10024 
1 2 1176 4095 
1 5 4095 1090 7198 10009 9979 
1 3 10009 7153 4135 
1 4 10009 4182 1178 7183 
1 2 1048 7183 
1 6 11805 3861 799 6924 9817 11673 
1 4 758 6955 11692 11677 
1 4 11673 6734 9689 6955 
1 6 11805 11768 9869 980 3866 3790 
1 3 3790 6880 12070 
1 4 12070 9815 4080 7183 
1 3 11768 844 3926 
1 5 9817 724 6941 874 6867 
1 6 6867 6907 920 3725 11840 11677 
1 4 6867 3874 9846 11825 
1 2 6867 794 
1 5 6867 3874 939 896 3938 
1 4 11825 6936 9870 885 
1 7 3737 6756 740 11688 9703 6749 11707 
1 4 885 11852 3735 6756 
1 6 11825 4024 3920 6746 9699 11707 
1 6 6867 9770 9839 6866 9925 931 
1 5 875 9891 7098 7183 4080 
1 2 4080 7098 
1 3 7098 6954 931 
1 2 3938 858 
1 4 3816 9813 11821 915 
1 3 9764 854 9824 
1 3 854 6927 9824 
1 5 3816 6878 6903 3902 11852 
1 6 875 879 3810 6948 9881 858 
1 5 4095 10111 950 3871 875 
1 2 9793 9845 
1 6 9764 9797 872 11819 11793 9813 
1 3 11819 11821 915 
1 5 9785 11766 857 884 885 
1 4 13297 9627 3631 6673 
1 4 9627 9596 3654 11581 
1 4 3673 653 596 11581 
1 3 596 9646 9648 
1 5 3673 3674 6687 9679 9648 
1 3 9679 13251 11666 
1 2 11666 6739 
1 2 11666 3700 
1 2 11666 13250 
1 3 9665 3703 9681 
1 4 11666 9527 6552 11525 
1 2 3673 6673 
1 3 6673 13293 3675 
1 4 11901 984 3974 3924 
1 4 3974 3985 6983 9588 
1 6 3985 9586 6614 3601 3592 11581 
1 5 11581 624 9595 6647 11577 
1 2 9621 6670 
1 3 9621 6643 679 
1 3 11577 11580 11586 
1 4 11586 11580 3617 9621 
1 3 9621 619 11577 
1 5 662 11592 9606 11787 6643 
1 3 11787 3614 11586 
1 4 9602 6634 11583 11586 
1 6 9756 11887 11868 11857 907 6886 
1 3 3882 11832 11857 
1 3 6953 9906 11887 
1 2 11887 9602 
1 2 6953 6940 
1 5 9809 9821 6889 11816 3924 
1 4 6889 9894 13296 11899 
1 2 9588 9595 
1 5 11899 11741 797 3609 11586 
1 4 9914 3884 11767 914 
1 4 9914 11762 867 3882 
1 3 9914 9780 9809 
1 7 7329 10227 1392 12271 7427 4424 12299 
1 8 7427 4412 10297 1376 12215 7342 1291 12144 
1 14 878 11905 11774 9930 3936 11818 10163 3844 3973 3864 976 1109 3988 4109 
1 2 4109 1109 
1 2 4109 7127 
1 4 3988 7096 4078 11965 
1 5 3988 7211 4193 1173 4078 
1 3 3864 863 11786 
1 4 11856 9837 966 3844 
1 3 11856 833 867 
1 4 11969 10091 7162 11921 
1 4 11921 4129 1037 11935 
1 4 7162 7077 4061 11935 
1 4 4061 1046 9994 11969 
1 3 11921 10026 7005 
1 14 9994 4163 1160 7081 12051 10078 4046 7166 11939 1145 9964 1013 11923 7132 
1 4 1145 4146 1128 9960 
1 4 7132 4150 7008 13074 
1 4 9943 12034 11953 7081 
1 6 7173 1111 7116 3991 4150 7132 
1 5 7173 12042 7100 1079 7069 
1 5 9945 10113 1194 10070 7069 
1 4 7100 4084 1207 4933 
1 5 7069 11943 1102 7203 12857 
1 2 7203 4108 
1 2 12100 1111 
1 4 12857 5046 8111 8038 
1 2 12725 7989 
1 4 5034 12710 4948 7972 
1 2 5034 7992 
1 3 7972 2100 2012 
1 3 1909 4957 8008 
1 5 2012 10829 12751 4927 12794 
1 6 12794 12851 8071 7983 5013 10803 
1 4 10919 12874 12762 2056 
1 2 10862 12787 
1 2 7959 8006 
1 2 2038 2094 
1 7 6332 6402 3380 362 9263 11343 11372 
1 4 6375 9398 395 6332 
1 3 6332 395 3384 
1 3 395 348 3288 
1 5 11366 317 6389 6257 9347 
1 3 9347 3368 3231 
1 4 6389 11331 11305 321 
1 5 6282 349 3340 9388 321 
1 6 6282 6390 6334 9334 9361 11372 
1 4 11260 11288 11316 11343 
1 4 11260 9277 6309 6390 
1 5 6521 13295 11444 3207 6282 
1 5 13295 3367 268 293 321 
1 10 6521 13295 11505 9496 3473 11478 6236 9387 9252 11260 
1 3 6558 3532 11478 
1 6 6401 3230 6321 6347 9346 6375 
1 4 362 389 334 11288 
1 6 6521 375 11219 9294 9320 9347 
1 5 6521 13294 3499 9456 3522 
1 6 11360 241 3326 374 6349 6325 
1 2 6349 3326 
1 3 11388 11233 11346 
1 10 3444 3512 6469 9482 529 6570 587 9522 3547 11494 
1 9 11494 529 6570 6469 3444 9522 587 3547 11470 
1 3 11494 11470 11435 
1 2 6469 495 
1 4 3544 6567 9290 6375 
1 9 3544 13263 11492 548 6401 243 3381 17 6558 
1 3 6377 3271 3326 
1 4 6377 11493 6513 3561 
1 7 6521 13294 3499 9560 6582 538 6524 
1 6 514 11481 9471 3535 6501 538 
1 4 514 6441 9428 6521 
1 3 3535 11545 3499 
1 8 3561 6524 3500 9524 564 11533 9443 495 
1 4 11388 405 3395 6377 
1 6 3326 309 247 11388 6535 495 
1 6 529 6444 6488 3397 11445 9524 
1 4 11531 11547 11560 6488 
1 4 563 11547 3423 11494 
1 3 11531 9575 11470 
1 2 9575 11435 
1 2 9575 6583 
1 16 563 3558 13058 3530 9517 11486 3692 694 6934 9655 9666 6693 692 11653 9515 9681 
1 9 9515 3299 571 11544 9416 3474 9497 538 6524 
1 4 6524 9497 9441 9471 
1 4 11445 11417 9572 11544 
1 4 9666 708 6540 561 
1 2 11620 692 
1 2 673 11620 
1 9 11467 479 9511 6462 9570 552 6595 3572 9496 
1 4 9570 6512 9457 11467 
1 6 6462 3283 3510 9470 444 11478 
1 6 514 6559 11432 6440 13256 11542 
1 4 6418 13256 11542 13258 
1 4 6418 9555 3571 571 
1 6 13258 9429 583 421 3414 9457 
1 4 9570 3485 494 9429 
1 4 11542 13257 11556 11525 
1 2 3569 11525 
1 2 13255 3414 
1 2 9692 6739 
1 6 3700 6720 9676 11663 13261 9660 
1 3 9660 13259 11663 
1 3 11386 9327 3384 
1 3 6670 11625 9660 
1 4 679 9656 11644 11659 
1 5 9660 13260 684 11646 9656 
1 2 11659 6735 
1 5 11610 6685 682 6703 13261 
1 2 571 586 
1 3 3571 11497 532 
1 2 6375 9372 
1 2 3384 281 
1 2 6347 3295 
1 4 389 3324 279 243 
1 2 6953 3939 
1 2 3914 841 
1 2 9805 3914 
1 2 3914 914 
1 4 11905 3893 6895 9833 
1 2 279 11260 
1 2 3295 3324 
1 2 3295 243 
1 2 3295 279 
1 4 3544 13264 9400 9508 
1 3 6558 388 9387 
1 2 388 9252 
1 6 3544 13266 6511 3458 3559 6361 
1 3 3544 524 402 
1 4 9427 11430 6416 3458 
1 3 9427 13205 6464 
1 3 9427 13262 6464 
1 4 13262 3586 11428 9508 
1 5 11428 9546 9439 9532 17 
1 3 6462 11558 9439 
1 2 6464 11467 
1 3 3544 6259 3230 
1 5 233 11342 9295 3320 9274 
1 6 9274 3393 13206 400 3254 11312 
1 2 3254 9327 
1 2 13206 347 
1 4 3392 11466 9544 402 
1 3 11466 6484 3559 
1 4 6361 6484 3521 402 
1 3 3521 12562 524 
1 7 6321 9290 9316 11329 11357 347 400 
1 2 400 11357 
1 5 9263 334 279 11232 388 
1 8 9427 11413 442 6499 6522 9494 9468 11479 
1 3 6361 11399 9494 
1 3 3458 562 6499 
1 12 3320 6413 9359 9304 11341 6280 560 3496 474 572 6557 3483 
1 3 11550 9548 6584 
1 3 3483 11427 11550 
1 3 11479 491 11427 
1 4 11479 9558 513 572 
1 4 3392 11528 6415 560 
1 4 9359 9236 277 11370 
1 3 277 6340 3320 
1 5 277 406 9341 358 3219 
1 3 11342 11358 310 
1 3 3320 9404 6296 
1 4 3384 11312 3272 6296 
1 2 310 233 
1 8 347 11247 13265 3392 6546 11441 422 9558 
1 3 11411 6460 9563 
1 2 11411 11427 
1 4 11479 6483 6431 11536 
1 3 6522 466 6604 
1 3 6499 3410 3581 
1 4 9427 11398 11554 11539 
1 3 6464 9567 13255 
1 10 9563 11536 6604 3581 3550 581 11539 3484 6590 13255 
1 4 9340 10323 7482 310 
1 5 9340 6222 6342 11246 9262 
1 4 6296 6360 3337 3288 
1 5 3152 11426 11127 11443 4640 
1 7 9340 9240 9317 11291 3074 496 3152 
1 2 11659 730 
1 2 13260 716 
1 5 3581 6573 6751 3731 716 
1 4 11663 11679 11522 11539 
1 4 11581 9611 3670 6685 
1 3 949 965 11868 
1 7 949 3971 6982 6952 6814 9888 11842 
1 4 6952 6923 893 878 
1 2 9888 9902 
1 6 9783 649 9612 6842 3819 6952 
1 2 3819 6982 
1 2 6967 6814 
1 3 3796 793 965 
1 3 11818 3526 6886 
1 4 3526 6857 935 949 
1 4 657 6677 11603 9617 
1 5 687 3076 11636 674 9617 
1 5 9617 3663 9651 11652 6706 
1 3 9612 6658 9617 
1 6 965 11754 3630 11657 6667 11592 
1 4 662 9640 696 3696 
1 3 696 6697 9656 
1 7 696 6711 6714 11676 746 3548 9563 
1 7 3663 11619 11655 11672 3741 744 6584 
1 2 3741 9716 
1 3 6706 3724 3707 
1 3 3724 6743 6727 
1 5 9617 3636 818 11588 3630 
1 9 9617 3663 660 6695 6709 6679 676 3694 6711 
1 2 9670 676 
1 3 3630 6652 637 
1 2 9640 11622 
1 2 9640 6682 
1 6 3707 565 3577 3407 577 11550 
1 2 3707 11686 
1 3 6360 6229 9483 
1 3 6314 9499 3337 
1 6 11366 11251 3277 6364 6235 394 
1 5 11366 332 399 3206 6235 
1 5 3277 3325 3260 6393 6287 
1 3 6287 6345 9279 
1 13 6115 9204 11029 9036 6072 9196 3049 137 3192 65 6145 3114 3188 
1 2 3049 6176 
1 2 9196 9296 
1 2 6072 9096 
1 2 14 11029 
1 2 3049 11367 
1 2 6145 122 
1 5 9204 6080 3059 9170 6145 
1 8 9216 3093 6114 9135 11028 9157 9103 6115 
1 3 6115 3171 11151 
1 4 6115 11078 6160 179 
1 6 179 3136 6042 11113 111 3183 
1 4 3093 3096 6118 3022 
1 3 3183 9139 3022 
1 2 9139 6118 
1 9 9139 6038 115 11173 3098 9069 9208 6111 3088 
1 7 6165 9186 9226 11155 6206 9178 192 
1 2 6206 101 
1 13 6165 6125 9147 11125 11164 11081 158 11121 195 66 3172 63 9038 
1 3 9038 6013 3122 
1 3 6066 9094 3083 
1 4 9094 32 3009 9038 
1 3 3137 3025 9038 
1 5 3083 9194 11211 6108 11105 
1 5 11105 6144 11066 11172 3025 
1 8 9100 9206 6186 3061 3161 204 6009 11105 
1 6 6186 6082 11162 3050 6150 3187 
1 8 3187 3030 9061 3068 9169 193 6146 11024 
1 4 141 11141 11076 9169 
1 5 141 11043 165 11056 6186 
1 7 141 11210 9219 11144 9166 6138 9038 
1 6 11024 11079 9233 82 120 158 
1 3 9140 11142 6183 
1 13 6050 161 11082 9109 9308 6311 6397 9406 9329 9251 11231 9362 6345 
1 6 161 11082 11188 9185 6084 6164 
1 5 179 6195 9218 11044 6084 
1 9 205 9151 11040 11147 3045 11091 3182 9149 6050 
1 2 205 130 
1 10 130 9088 182 3113 6132 11201 9143 6083 9108 6165 
1 8 6038 3111 11049 6129 9154 3108 9035 9151 
1 5 6129 11123 11209 125 11147 
1 5 11215 363 11280 9410 9251 
1 2 11380 9308 
1 4 211 299 329 11215 
1 4 299 6148 11289 6397 
1 4 383 6331 6406 9329 
1 4 11151 171 6310 383 
1 6 11151 69 6028 11114 3141 11044 
1 4 6311 6188 6164 3141 
1 3 3141 11114 6195 
1 2 3141 9218 
1 3 6188 3063 3375 
1 3 6084 3106 9193 
1 2 408 6258 
1 3 3098 6173 6041 
1 3 3151 3060 9100 
1 3 9279 11376 6120 
1 3 10968 12925 5117 
1 4 12925 12945 10025 4128 
1 3 5139 8244 10948 
1 2 8244 5036 
1 3 6039 7978 4889 
1 5 4972 1969 1932 12900 2050 
1 2 1951 12843 
1 2 11542 9414 
1 2 494 11414 
1 3 9692 541 11522 
1 2 9692 9539 
1 2 9692 3716 
1 2 3550 555 
1 4 4112 7130 10038 9941 
1 11 6807 9755 940 3788 3876 9878 6945 11796 3927 6992 7130 
1 2 3856 6945 
1 4 4112 11848 9799 6864 
1 6 9799 11778 11867 947 3851 11811 
1 3 849 3879 6895 
1 5 6938 6920 11883 11866 904 
1 6 11844 3862 11826 933 9915 11881 
1 3 933 9900 6995 
1 2 933 919 
1 3 7620 9912 9893 
1 4 9932 3979 9886 11853 
1 5 11853 9954 876 9860 7620 
1 3 11853 6991 10472 
1 6 6935 7470 11880 9858 10399 876 
1 5 2196 8205 12911 5180 8144 
1 5 5210 5196 1939 10860 5160 
1 2 5160 12929 
1 2 5160 11145 
1 2 1939 10962 
1 2 5180 10932 
1 2 5180 10988 
1 2 12944 8201 
1 2 540 9562 
1 2 540 11406 
1 5 9562 3463 3422 6489 9458 
1 4 9458 6489 6351 3369 
1 4 6103 11333 13070 3501 
1 4 3501 11446 13241 9458 
1 3 11333 507 9458 
1 3 507 11471 3369 
1 2 6103 11374 
1 2 6103 507 
1 3 6103 11333 13070 
1 5 5231 10697 4822 12692 12589 
1 2 4696 4822 
1 2 4696 1833 
1 3 1833 4584 5231 
1 2 1468 8178 
1 4 1468 4556 12648 5231 
1 4 12064 10400 2213 12648 
1 3 12648 12064 2171 
1 6 10400 5106 1688 2151 7842 10929 
1 3 2213 8214 12963 
1 2 5231 1509 
1 6 1509 5203 5189 10963 4879 10957 
1 2 10963 2229 
1 4 8248 12981 2126 1552 
1 4 2123 5164 12971 2120 
1 10 8246 10993 5128 5222 8188 5185 11015 8180 12956 2200 
1 2 8246 2200 
1 3 2123 2217 10972 
1 3 3369 9484 3463 
1 8 11374 221 271 322 3287 296 11221 6103 
1 3 6103 11253 3287 
1 3 221 11253 296 
1 6 6103 11221 9268 364 9250 11297 
1 5 296 9322 364 3353 9250 
1 3 3353 9322 9268 
1 3 11221 9239 11471 
1 5 9268 6221 3369 6378 377 
1 5 6378 7239 9297 11279 364 
1 5 3369 7239 9297 3301 13242 
1 3 13242 3301 7239 
1 8 3301 3205 6384 6318 9315 9379 9269 11297 
1 6 9379 6318 6384 3205 11345 9297 
1 13 11297 11317 13243 11270 351 11299 11378 9392 9383 6300 3150 11136 200 
1 10 11218 6320 3273 6385 11306 9075 6046 6104 3159 11064 
1 2 9383 3273 
1 3 9383 159 6385 
1 2 159 11306 
1 3 9392 9314 11218 
1 2 6320 9392 
1 5 11218 11332 6399 6335 6384 
1 3 13243 9397 6399 
1 2 9397 6335 
1 3 9397 9285 351 
1 4 3379 3242 3359 11293 
1 18 3379 3242 385 11257 11371 9255 9303 3396 11334 6313 6289 6405 9405 7394 11237 285 7377 11293 
1 6 11293 3342 9310 11267 9284 6405 
1 4 3396 11287 369 3359 
1 3 3242 11303 369 
1 3 11371 11238 11287 
1 2 11371 337 
